1 1 
1 28 
1 49 
1 67 
1 74 
1 77 
1 94 
1 106 
1 116 
1 148 
1 183 
1 211 
1 240 
1 271 
1 284 
1 300 
1 311 
1 324 
1 336 
1 390 
1 393 
1 416 
1 427
1 436 
1 480 
1 512 
1 535 
1 540 
1 561 
1 592 
1 600 
1 622 
1 627 
1 650 
1 660 
1 723 
1 754 
1 785 
1 792 
1 811 
1 828 
1 837 
1 843 
1 848 
1 850 
1 855 
1 877 
1 892 
1 894 
1 908 
1 916 
1 964 
1 979 
1 1002 
1 1061 
1 1062 
1 1069 
1 1075 
1 1078 
1 1104 
1 1113 
1 1121 
1 1125 
1 1127 
1 1134 
1 1165 
1 1180 
1 1218 
1 1219 
1 1238 
1 1243 
1 1331 
1 1340 
1 1355 
1 1397 
1 1402 
1 1453 
1 1464 
1 1484 
1 1490 
1 1491 
1 1536 
1 1560 
1 1574 
1 1630 
1 1657 
1 1674 
1 1681 
1 1682 
1 1729 
1 1735 
1 1752 
1 1763 
1 1774 
1 1815 
1 1845 
1 1863 
1 1890 
1 1923 
1 1952 
1 1960 
1 1962 
1 1992 
1 2018 
1 2027 
1 2028 
1 2049 
1 2133 
1 2176 
1 2183 
1 2188 
1 2208 
1 2223 
1 2224 
1 2227 
1 2287 
1 2302 
1 2362 
1 2365 
1 2390 
1 2402 
1 2410 
1 2453 
1 2468 
1 2518 
1 2524 
1 2539 
1 2577 
1 2581 
1 2586 
1 2611 
1 2648 
1 2659 
1 2686 
1 2709 
1 2710 
1 2711 
1 2787 
1 2799 
1 2802 
1 2821 
1 2822 
1 2847 
1 2853 
1 2898 
1 2943 
1 2998 
1 3033 
1 3037 
1 3049 
1 3061 
1 3064 
1 3075 
1 3083 
1 3112 
1 3154 
1 3165 
1 3185 
1 3204 
1 3212 
1 3234 
1 3253 
1 3257 
1 3280 
1 3299 
1 3323 
1 3351 
1 3353 
1 3383 
1 3388 
1 3406 
1 3415 
1 3421 
1 3458 
1 3472 
1 3473 
1 3497 
1 3507 
1 3511 
1 3514 
1 3529 
1 3571 
1 3572 
1 3584 
1 3590 
1 3600 
1 3630 
1 3632 
1 3639 
1 3642 
1 3652 
1 3658 
1 3682 
1 3703 
1 3724 
1 3730 
1 3743 
1 3753 
1 3767 
1 3774 
1 3775 
1 3787 
1 3790 
1 3798 
1 3801 
1 3802 
1 3831 
1 3840 
1 3851 
1 3893 
1 3927 
1 3960 
1 3983 
1 3985 
1 3990 
1 3991 
1 4010 
1 4100 
1 4108 
1 4112 
1 4138 
1 4162 
1 4188 
1 4194 
1 4197 
1 4204 
1 4231 
1 4264
1 4265 
1 4272 
1 4297 
1 4309 
1 4312 
1 4317 
1 4333 
1 4346 
1 4367 
1 4376 
1 4378 
1 4395 
1 4399 
1 4403 
1 4409 
1 4434 
1 4451 
1 4470 
1 4480 
1 4490 
1 4493 
1 4506 
1 4514 
1 4515 
1 4529 
1 4557 
1 4594 
1 4598 
1 4606 
1 4620 
1 4622 
1 4648 
1 4658 
1 4661 
1 4676 
1 4694 
1 4711 
1 4719 
1 4730 
1 4739 
1 4744 
1 4767 
1 4811 
1 4833 
1 4850 
1 4861 
1 4890 
1 4918 
1 4919 
1 4927 
1 4978 
1 5020 
1 5033 
1 5045 
1 5074 
1 5079 
1 5088 
1 5089 
1 5139 
1 5143 
1 5192 
1 5249 
1 5287 
1 5288 
1 5335 
1 5338 
1 5395 
1 5413 
1 5416 
1 5467 
1 5500 
1 5528 
1 5553 
1 5558 
1 5563 
1 5592 
1 5599 
1 5612 
1 5724 
1 5769 
1 5779 
1 5788 
1 5800 
1 5807 
1 5829 
1 5837 
1 5852 
1 5871 
1 5889 
1 5903 
1 5905 
1 5971 
1 5973 
1 5976 
1 5996 
1 6012 
1 6027 
1 6070 
1 6083 
1 6103 
1 6125 
1 6137 
1 6145 
1 6157 
1 6168 
1 6186 
1 6202 
1 6208 
1 6297 
1 6311 
1 6326 
1 6330 
1 6335 
1 6360 
1 6397 
1 6424 
1 6440 
1 6445 
1 6469 
1 6502 
1 6509 
1 6518 
1 6524 
1 6531 
1 6566 
1 6567 
1 6569 
1 6590 
1 6594 
1 6605 
1 6626 
1 6629 
1 6638 
1 6650 
1 6657 
1 6664 
1 6671 
1 6679 
1 6696 
1 6703 
1 6711 
1 6752 
1 6766 
1 6778 
1 6798 
1 6830 
1 6858 
1 6874 
1 6906 
1 6922 
1 6930 
1 6963 
1 6971 
1 6974 
1 6988 
1 6991 
1 7042 
1 7046 
1 7054 
1 7058 
1 7070 
1 7088 
1 7104 
1 7138 
1 7162 
1 7165 
1 7189 
1 7205 
1 7211 
1 7214 
1 7221 
1 7237 
1 7242 
1 7266 
1 7282 
1 7293 
1 7299 
1 7337 
1 7347 
1 7399 
1 7414 
1 7426 
1 7429 
1 7435 
1 7451 
1 7466 
1 7487 
1 7537 
1 7540 
1 7570 
1 7575 
1 7589 
1 7592 
1 7615 
1 7645 
1 7663 
1 7685 
1 7711 
1 7726 
1 7736 
1 7757 
1 7759 
1 7766 
1 7772 
1 7785 
1 7819 
1 7824 
1 7843 
1 7858 
1 7887 
1 7902 
1 7903 
1 7904 
1 7925 
1 7929 
1 7944 
1 7979 
1 7984 
1 8011 
1 8033 
1 8050 
1 8061 
1 8069 
1 8096 
1 8109 
1 8113 
1 8120 
1 8131 
1 8152 
1 8158 
1 8165 
1 8177 
1 8204 
1 8262 
1 8263 
1 8279 
1 8293 
1 8321 
1 8368 
1 8378 
1 8382 
1 8396 
1 8438 
1 8449 
1 8482 
1 8490 
1 8491 
1 8506 
1 8521 
1 8553 
1 8573 
1 8586 
1 8593 
1 8609 
1 8613 
1 8664 
1 8665 
1 8667 
1 8674 
1 8681 
1 8698 
1 8719 
1 8767 
1 8771 
1 8807 
1 8816 
1 8827 
1 8910 
1 8934 
1 8970 
1 8993 
1 8994 
1 9013 
1 9058 
1 9117 
1 9133 
1 9134 
1 9137 
1 9158 
1 9205 
1 9206 
1 9207 
1 9219 
1 9238 
1 9244 
1 9245 
1 9257 
1 9263 
1 9274 
1 9289 
1 9305 
1 9307 
1 9316 
1 9326 
1 9380 
1 9408 
1 9418 
1 9435 
1 9462 
1 9494 
1 9508 
1 9553 
1 9555 
1 9557 
1 9670 
1 9849 
1 9887 
1 10022 
1 10123 
1 10154 
1 10185 
1 10186 
1 10220 
1 10250 
1 10258 
1 10294 
1 10309 
1 10353 
1 10358 
1 10375 
1 10381 
1 10389 
1 10402 
1 10405 
1 10479 
1 10493 
1 10512 
1 10523 
1 10548 
1 10564 
1 10578 
1 10587 
1 10596 
1 10623 
1 10654 
1 10671 
1 10715 
1 10734 
1 10741 
1 10756 
1 10761 
1 10786 
1 10798 
1 10799 
1 10809 
1 10814 
1 10829 
1 10850 
1 10861 
1 10872 
1 10875 
1 10891 
1 10897 
1 10898 
1 10900 
1 10930 
1 10951 
1 10989 
1 11012 
1 11013 
1 11037 
1 11051 
1 11052 
1 11079 
1 11111 
1 11131 
1 11140 
1 11141 
1 11151 
1 11181 
1 11186 
1 11247 
1 11253 
1 11273 
1 11274 
1 11280 
1 11282 
1 11300 
1 11332 
1 11333 
1 11334 
1 11406 
1 11420 
1 11424 
1 11482 
1 11530 
1 11532 
1 11547 
1 11605 
1 11612 
1 11630 
1 11664 
1 11723 
1 11726 
1 11734 
1 11744 
1 11819 
1 11920 
1 11925 
1 11937 
1 11944 
1 11949 
1 11957 
1 11983 
1 11999 
1 12009 
1 12016 
1 12017 
1 12079 
1 12141 
1 12166 
1 12182 
1 12194 
1 12203 
1 12249 
